Areal values from HadUK-Grid 1km gridded climate data from land surface network
Source: Met Office National Climate Information Centre
Monthly, seasonal and annual total precipitation amount for UK
Areal series, starting in 1836
Last updated 01-Dec-2024 10:45
    jan  year    feb  year    mar  year    apr  year    may  year    jun  year    jul  year    aug  year    sep  year    oct  year    nov  year    dec  year     win  year     spr  year     sum  year     aut  year     ann  year
  197.8  1928  213.7  2020  153.9  1981  128.2  2012  131.8  1967  149.0  2012  150.6  1988  166.8  1912  178.5  1950  220.0  1903  214.8  2009  216.3  2015   539.9  2014   327.1  1979   397.1  1879   509.7  2000  1437.9  1872
  189.3  2008  193.4  1990  147.3  1903  123.9  2000  120.7  2021  143.0  1860  145.5  2009  166.6  1917  178.1  1918  199.5  2000  191.7  1951  209.2  1929   504.9  2016   326.9  1947   381.2  1912   466.3  1954  1372.9  2000
  186.7  2014  175.3  2002  146.3  1994  121.2  1998  119.7  1924  136.1  2007  143.5  1939  162.9  1992  172.5  1981  196.8  1967  187.9  1940  196.9  1914   498.2  1995   313.9  1986   378.8  2012   465.0  1935  1344.1  1903
  181.0  1995  171.1  1848  144.0  1979  117.6  1947  118.5  1986  129.2  1872  142.6  1936  159.7  2004  159.2  1866  187.7  1998  186.5  1852  195.5  1999   482.2  1990   311.4  1913   356.6  2007   455.4  1981  1333.6  2020
  178.4  2016  168.3  1997  138.8  1947  114.2  1867  118.1  1925  126.5  1879  142.2  1888  158.5  1956  156.5  1869  182.8  2020  185.4  1929  191.3  1852   474.7  2020   307.9  1920   354.6  1985   447.1  1872  1329.7  2012
  177.4  1948  167.6  2014  134.4  2023  111.4  2024  114.5  1878  125.4  1980  141.9  2023  158.4  1985  152.8  1927  177.9  2023  180.6  1954  190.8  1868   458.3  1877   301.7  2024   354.3  1956   440.1  1984  1324.7  1877
  175.4  1993  152.5  2022  129.5  1897  106.8  1920  114.1  2007  123.5  1912  134.7  1880  155.8  1891  150.5  1935  171.5  1938  176.3  2000  189.9  1876   450.8  1915   294.5  1967   338.3  1860   422.4  1982  1318.6  2023
  174.3  1852  151.8  1923  128.9  2019  103.0  1882  112.8  1886  122.7  1848  134.6  2007  146.0  1903  150.4  1896  171.0  1935  174.1  1970  189.9  2023   447.1  2024   294.2  1983   336.0  1877   419.3  2022  1298.8  1998
  172.5  1974  143.0  1995  128.2  1913  102.6  1993  112.6  2006  121.8  1998  130.7  1940  143.1  1879  146.5  1946  168.1  1916  171.9  2015  188.7  1993   439.5  1869   292.5  1981   335.1  1927   419.3  2023  1297.6  1954
  170.1  1984  140.8  1894  127.9  1992  102.1  1913  109.7  2015  117.8  1838  127.5  1879  142.7  1962  145.9  1885  168.0  2021  171.3  1984  187.9  1986   434.8  2007   290.5  1994   334.4  1872   412.0  1938  1292.9  2008
  169.9  1988  139.8  2024  126.7  1988   99.9  1961  108.4  1969  116.0  1997  126.5  1882  140.5  1930  145.1  1974  167.8  1932  171.1  1939  185.6  2013   431.4  1994   290.2  2006   330.7  2019   411.1  1944  1291.8  2014
  169.8  1990  138.7  1915  126.5  1912   99.7  1932  107.3  1979  113.1  1852  124.8  1871  140.2  1877  145.1  1839  166.7  1954  170.3  1877  183.5  1911   429.1  2000   285.5  1903   327.5  1848   410.2  1903  1280.5  2002
  168.7  1975  137.8  1989  124.5  1989   99.1  1899  107.0  1932  111.8  1907  123.5  1920  138.7  1910  141.7  1976  165.4  2004  168.6  1963  179.9  1915   422.0  1916   284.4  1862   326.6  1903   406.1  1967  1271.6  1999
  165.8  1872  137.4  1950  123.1  1876   98.7  1935  105.5  1983  111.0  1931  122.7  1915  138.0  2014  141.7  1965  165.3  2001  167.4  2022  178.3  2012   417.6  1937   280.1  1963   326.6  1946   403.4  1976  1264.3  2015
  165.7  1877  135.2  1937  122.7  1914   96.9  1843  101.7  1906  110.4  2017  120.9  1924  136.7  1948  140.2  1999  164.3  1917  164.8  1888  177.9  1959   413.3  2021   277.8  1992   325.5  2020   398.7  1998  1256.2  1852
  164.9  1999  134.4  1916  122.6  2008   96.6  1871  101.6  2002  110.0  1928  120.8  1957  135.4  1878  135.5  1995  164.1  1987  163.1  2002  177.0  1934   399.3  1960   276.7  1932   325.0  1931   397.6  2006  1247.7  1882
  154.0  1994  134.0  1925  122.2  1836   96.3  1846  100.7  2011  109.1  1882  119.7  1956  135.0  2008  135.4  1968  163.4  1976  163.0  1926  174.2  1994   399.1  1984   269.3  2000   321.9  2009   397.5  1960  1238.5  1928
  153.6  2015  132.4  1977  120.7  1963   96.0  1934   99.3  2014  109.0  2019  119.7  1918  134.8  1860  135.1  1872  163.2  1843  162.6  1944  172.5  2006   392.6  1920   267.6  1998   321.8  2008   392.7  1950  1232.1  2019
  152.3  2007  131.7  2000  120.4  1982   95.0  1950   99.1  1843  107.5  2020  119.2  1861  134.0  1951  133.8  2000  162.6  2013  161.5  1982  170.3  1979   391.2  1974   261.9  1925   321.5  1882   389.2  1875  1218.2  1912
  151.7  1937  126.1  1966  118.6  1861   94.5  1994   98.6  1993  106.6  1927  119.1  1895  132.7  2019  133.4  1863  162.0  1870  161.4  1946  166.9  2020   386.3  1894   260.3  1886   314.7  2004   389.1  1930  1217.3  1992
  151.5  1962  122.6  1910  117.5  1905   93.4  1925   98.0  2003  106.6  1948  118.5  2012  132.2  1950  132.1  1924  160.3  1909  161.2  1992  166.7  2011   386.0  1925   260.1  1993   313.9  2017   388.3  1974  1216.6  1994
  150.1  2004  121.6  1866  117.3  1896   93.3  1910   97.8  1955  104.8  1966  118.5  1839  132.2  1927  131.6  1984  157.9  1862  160.4  1938  163.2  1965   385.1  2008   259.6  1867   313.5  1980   387.0  1852  1213.4  1986
  149.9  1983  121.5  1869  116.3  1851   92.8  1970   96.7  1862  103.5  1991  117.9  1953  132.0  1868  128.6  1975  157.6  1928  158.6  1872  163.2  1900   382.5  1930   256.7  1951   312.0  1852   386.0  2009  1208.0  2009
  148.4  1930  121.0  1935  114.3  1978   92.8  2004   95.5  1942  103.4  1987  116.6  1922  131.8  1946  126.1  2019  157.2  1981  158.2  1986  161.3  1919   381.1  1848   256.3  1972   311.3  1948   384.9  2019  1207.3  2004
  148.3  1866  120.2  1883  113.8  1919   91.5  1859   95.1  1931  102.5  1863  116.4  1875  131.8  1941  126.0  1883  157.1  2014  157.4  1861  159.1  1966   380.2  1923   255.6  1882   310.4  1958   384.1  1836  1204.5  1960
  148.2  1921  117.7  1885  113.4  1908   91.3  1966   94.5  1920  101.5  1935  116.1  1931  129.8  1881  123.2  1983  157.0  1846  154.7  1931  157.5  1912   379.3  2002   253.2  1999   308.5  1881   383.6  1940  1204.2  1967
  146.7  1943  117.5  1893  112.4  1987   91.1  1949   94.4  1945   99.0  1982  114.8  1846  127.9  1923  123.0  1962  156.7  1891  153.1  2006  157.4  1978   375.2  1853   253.0  1966   308.5  1950   382.3  1970  1203.7  1923
  146.3  1986  116.8  1868  110.9  1842   91.1  1992   94.2  1907   98.9  1958  114.2  1950  125.5  1889  122.0  1874  156.5  1923  150.0  1836  156.8  2000   370.6  1912   250.1  2015   308.2  1954   379.3  1929  1203.6  1990
  146.1  1863  114.4  1958  110.6  1986   90.9  1991   93.8  1958   96.0  2016  113.6  1903  123.1  1865  121.4  2023  154.7  1865  150.0  1890  153.4  1891   370.5  1999   249.8  1897   307.1  1888   378.5  1841  1199.6  1982
  145.8  1890  113.8  2011  110.1  2006   90.9  1959   93.0  1954   95.2  1862  113.3  1853  122.9  1892  120.7  1876  154.4  2008  149.2  1960  151.8  1924   370.1  1883   248.9  1908   305.8  1924   377.6  1918  1198.1  1927
  145.4  1938  113.7  1900  107.8  2024   90.9  2005   92.6  1847   95.1  1945  113.1  1877  122.2  2020  119.9  1957  153.8  2002  148.1  1974  151.5  1983   366.9  1910   248.0  2023   305.4  1861   377.3  1927  1193.1  1948
  144.9  1851  113.6  1914  106.6  1862   89.9  1983   91.8  2013   94.3  1946  111.5  1960  121.9  1957  119.8  1982  153.7  1949  147.6  1996  149.3  1847   365.3  1943   246.8  1916   304.6  1988   377.3  1980  1192.5  2007
  143.8  1939  112.2  1974  106.6  1920   89.6  2001   91.3  1916   94.3  1938  109.7  1872  121.3  1897  118.9  1954  153.4  1906  145.9  1882  148.1  1872   364.9  2015   246.6  2008   304.2  1846   377.2  1923  1187.9  1950
  143.0  1884  111.8  1876  106.6  1967   89.0  1972   90.7  1943   94.2  1954  109.6  1932  120.5  1986  118.6  1841  153.4  1872  145.0  1928  147.1  1985   364.0  1872   246.6  2014   302.4  1910   376.7  1874  1187.8  1966
  142.5  1906  110.6  1945  106.1  1848   88.6  1999   89.5  1972   93.8  1990  109.2  1836  120.2  1900  118.1  1992  151.4  1841  144.1  1969  143.7  1949   363.5  1928   245.2  2002   299.7  1957   375.2  1992  1185.4  1951
  141.1  1873  110.3  1922  105.4  1868   87.4  1951   89.4  1981   93.8  1999  109.0  1867  119.6  1874  117.2  1958  148.4  1980  143.8  1959  143.6  1955   362.2  1935   244.3  1968   297.0  1917   374.9  1885  1182.0  1981
  140.4  1875  110.1  2016  105.1  1998   86.8  1931   89.0  1865   93.7  1839  109.0  1938  119.6  1852  117.2  2017  148.2  1929  143.5  1935  142.8  1898   356.9  1922   244.3  1907   296.5  1839   374.2  1883  1180.9  1974
  140.0  2021  110.0  2007  104.5  1951   86.1  1850   87.4  1997   92.5  1972  108.1  2008  118.6  1905  116.5  1967  147.5  1960  142.3  1977  141.6  1896   356.5  1866   241.2  1877   296.3  1891   372.5  2012  1179.7  1916
  137.5  1920  109.7  1904  103.9  1859   85.5  1922   86.4  1898   91.7  1897  107.8  1855  118.0  1841  116.4  1944  147.1  1874  141.0  1930  140.8  1982   356.4  1939   241.1  2019   295.6  1930   368.7  1882  1179.5  1848
  137.3  1926  109.1  1967  103.9  2018   85.2  1904   86.3  1966   90.6  1985  107.6  2015  117.3  1954  116.3  1899  147.0  2022  139.4  1911  140.2  1910   354.8  1980   241.0  1899   294.9  1838   368.6  1877  1176.9  1938
  137.2  1868  108.6  1951  102.7  1980   84.7  1986   85.6  1973   89.6  1965  107.0  2010  117.0  1988  115.9  1859  146.5  1907  138.3  1991  139.8  1901   354.2  1966   240.8  1934   293.9  1998   365.9  2008  1173.5  1866
  135.4  1932  108.4  1903  102.2  1921   84.7  1985   85.3  1860   89.5  1890  105.9  1884  116.4  1960  115.7  1861  145.7  1875  138.3  1842  139.8  1886   352.5  1957   238.9  1889   292.6  1890   365.0  2020  1171.9  1979
  134.3  2002  107.2  1970   99.3  1860   83.7  2018   84.5  1976   89.1  1971  105.7  1985  115.7  1943  114.1  2024  145.0  1961  137.8  1875  139.7  2019   351.7  1967   238.4  1843   290.3  1928   364.0  1932  1171.7  2006
  134.2  1998  106.5  1872   98.8  1983   83.4  1877   84.2  1968   88.2  1853  104.7  1873  114.8  1895  113.8  1864  143.6  1855  136.1  1914  139.1  1974   350.1  1988   238.0  1988   288.8  1992   363.2  1839  1167.1  1930
  132.4  2018  106.4  2021   97.9  1909   83.3  1889   83.6  1869   87.5  1963  103.5  1958  114.7  1846  113.3  2010  142.6  1990  136.0  1979  138.9  1951   350.0  1899   236.8  1868   288.6  1960   361.9  1928  1163.5  1924
  131.4  1903  106.2  1880   97.8  2017   82.5  1963   83.6  1840   86.8  2002  103.2  1894  114.5  2009  113.2  1836  142.0  2006  136.0  1950  138.8  1948   349.2  1998   236.3  2005   288.2  1875   359.1  1891  1162.7  2011
  131.0  1899  105.3  1850   95.2  1888   81.5  1927   82.8  1892   86.0  1875  102.0  1930  114.3  1952  112.0  1871  141.7  2005  135.1  2012  138.5  1954   347.7  2013   236.0  1872   287.2  1938   359.0  1863  1161.0  1988
  131.0  1900  105.2  1881   95.0  2015   81.2  1876   82.5  2024   85.5  1881  101.9  1909  113.7  1873  111.8  2012  141.0  1982  133.3  1883  137.9  1897   346.5  1950   235.6  1989   286.5  2023   358.1  1869  1155.6  1980
  130.7  1849  105.1  1941   94.8  1990   81.0  1862   82.2  1854   85.4  1900  101.5  1965  113.4  1963  111.8  1930  140.6  1983  132.5  1881  137.4  1869   346.4  2004   235.4  2018   282.3  1895   358.1  1917  1149.4  1993
  129.3  2023  104.7  1837   94.6  1977   80.8  1965   81.7  2009   84.8  2004  101.2  2017  113.3  1924  110.8  1923  139.7  2019  129.0  1916  137.1  1956   344.3  1975   234.8  1909   281.5  1907   357.5  2002  1148.8  1900
  128.5  1853  104.1  1933   94.5  1864   80.8  1975   81.7  1938   84.7  2011  100.4  1946  113.0  1866  110.4  1879  138.0  1892  127.1  1895  135.4  1942   344.1  1958   234.5  1914   281.4  1853   354.9  1926  1148.2  1876
  127.2  1869  103.4  1918   94.5  1928   80.7  1919   81.4  1885   84.3  1856   99.6  1886  112.5  1863  110.2  1892  137.3  1984  127.0  1910  135.2  1909   344.0  1903   233.8  1964   281.1  1965   352.5  1995  1147.3  1946
  126.9  1978  102.7  1877   94.2  1882   80.4  1977   81.1  1913   84.3  1892   99.3  1851  111.7  1848  109.3  1980  137.1  1853  126.3  1840  135.1  1845   342.5  1868   233.4  1878   280.1  1894   352.4  1916  1143.9  1868
  126.7  2005  101.8  1928   94.1  1995   80.3  1909   79.2  1856   82.8  1877   98.5  1970  111.3  2012  108.8  1908  136.7  1996  126.3  1972  133.1  1997   341.3  1900   232.5  1969   279.4  1841   349.5  1963  1139.1  1965
  125.9  1886  101.7  1996   94.1  1991   80.2  1953   79.2  1902   82.8  1944   98.5  2002  111.3  1861  108.6  1932  136.3  1930  125.7  1981  131.3  2014   339.5  1926   232.2  1987   279.3  1873   349.5  2005  1133.6  1935
  124.8  1936   99.6  1931   92.8  1968   79.8  1898   78.6  1877   82.2  1845   98.3  1883  110.5  1928  107.9  1948  135.5  1885  124.4  1947  130.8  1980   339.3  1961   231.7  1905   278.9  1892   349.1  2001  1128.3  1910
  124.6  1840   98.1  1960   92.1  1940   79.1  1989   78.5  1903   82.1  1955   97.9  1968  110.3  1982  107.4  2011  132.7  1848  124.2  1949  130.8  1936   337.4  1983   231.5  1924   278.1  1966   349.1  1987  1128.0  1920
  124.1  1927   98.0  1911   91.9  1927   78.1  1907   78.3  1923   81.7  1896   97.1  1890  109.1  1961  107.0  1856  132.2  1968  123.9  1913  130.2  1918   336.2  2012   231.1  1977   277.8  1900   343.7  2004  1124.4  1883
  123.4  1960   97.2  1957   91.5  1895   77.9  1964   78.1  1899   81.0  1851   96.7  1954  108.8  1942  106.4  1880  132.1  1944  123.3  2014  130.2  1990   335.8  1913   230.8  1985   276.1  1987   343.4  1968  1123.8  1836
  122.7  1965   97.1  1946   91.4  1881   77.6  1923   78.1  1891   80.1  1947   96.3  1893  108.2  1845  106.1  1840  131.2  1847  123.3  1997  129.4  1882   335.6  1948   230.5  2012   275.9  1936   343.2  1999  1121.4  1841
  122.1  1942   97.0  2001   90.2  1844   77.4  2016   77.9  1894   79.8  1936   96.3  1927  108.0  1958  105.8  2008  130.8  1882  122.9  1905  128.3  1964   332.9  2001   229.2  1876   275.2  1939   342.5  1866  1120.4  1970
  121.6  1913   96.2  1884   89.9  1957   77.2  1901   77.7  2000   79.2  1883   95.8  2020  107.9  1921  105.7  1875  130.2  1934  122.7  2010  127.5  1893   332.2  1873   228.4  2021   274.9  1845   342.1  1861  1118.4  2017
  121.2  2020   95.4  1961   88.7  1999   76.2  2008   77.4  1889   79.2  1968   95.8  1849  107.5  1929  105.0  2022  128.4  1989  122.2  1906  127.0  1866   330.7  1867   228.3  1965   273.6  1953   342.0  1880  1114.9  1958
  120.5  1883   94.9  1844   87.4  2007   76.2  1905   77.1  2022   78.7  2008   95.4  1910  107.2  1979  104.1  1961  127.2  1886  121.6  2018  126.7  1921   330.4  2022   227.8  1860   271.0  1862   339.3  1946  1113.4  1918
  119.9  1922   94.7  1939   87.0  2021   75.9  1857   76.9  1963   78.5  1880   94.5  1993  106.4  1971  103.1  1994  127.2  1943  120.6  2003  125.9  1960   328.4  1977   227.8  2007   268.4  2015   336.8  1892  1107.9  1891
  119.4  2009   93.8  1980   86.1  1916   75.9  1858   76.8  1858   78.4  1854   94.4  1858  106.1  1890  103.1  2004  126.4  1942  120.5  1838  125.7  1922   326.2  1884   226.4  1846   266.7  1922   336.5  2010  1107.9  2021
  118.5  1867   93.7  1920   85.8  1886   75.8  1979   76.7  1872   78.1  1926   93.3  1862  105.8  1904  102.9  1953  125.6  2012  120.0  2023  125.5  1884   325.5  1946   223.7  1927   265.8  2011   335.7  1949  1106.0  1931
  118.1  1957   93.4  2017   85.6  2001   75.6  1924   75.9  1999   77.7  1964   93.3  1881  105.5  1894  102.8  1942  125.4  1877  119.5  1980  123.7  1841   325.4  1962   223.6  1919   264.8  1963   332.5  1924  1103.6  1977
  118.1  1961   93.2  1926   85.3  1872   75.3  1880   75.9  1904   77.6  1911   93.2  1848  105.4  2011  102.5  1925  125.2  1900  119.5  1880  122.6  1998   322.7  1885   222.6  2016   264.8  1897   332.3  2021  1103.5  1860
  118.0  1894   92.3  1954   84.7  1884   75.2  1868   75.0  1879   77.5  1943   93.1  1998  104.8  2015  102.5  2006  125.2  1863  119.1  2019  121.9  2003   321.8  2018   221.2  1898   263.7  1997   332.1  1878  1102.4  1985
  117.5  1956   90.8  1852   84.7  1954   75.1  1836   75.0  1964   77.1  1977   92.0  1843  104.5  1898  102.3  1978  124.9  1966  118.6  1894  120.8  2017   319.1  1931   220.6  2009   263.1  1855   330.0  1977  1101.4  1894
  117.5  2024   90.6  1861   83.8  2016   74.7  1848   74.6  1849   77.1  1878   91.8  1959  103.8  1934  102.3  1956  124.0  1896  118.6  1917  120.6  1880   318.8  1852   220.5  1904   262.9  1851   329.7  1961  1101.1  1914
  117.4  1860   90.3  1988   83.4  1890   74.2  1849   74.5  1926   76.5  1836   91.7  1914  103.7  1980  102.0  1903  122.6  1940  118.4  1998  120.0  1907   318.1  1863   219.6  1906   262.3  1883   329.6  1991  1100.4  1862
  117.2  1919   90.2  1871   83.1  1839   74.0  1872   74.3  1962   76.0  1956   91.3  1841  103.5  2024  101.7  1878  122.0  2011  117.4  1953  119.0  1989   316.4  1989   219.2  2013   262.2  1866   328.6  1996  1096.1  2016
  116.9  1972   89.6  1992   83.0  1857   73.6  1856   72.7  2005   74.9  1861   90.8  1912  102.7  1989  101.5  2018  121.7  1878  117.2  1869  118.3  1972   315.4  1993   219.0  1912   259.9  1871   328.5  1886  1096.1  1886
  116.5  1944   89.1  1898   81.2  1941   73.4  2023   72.1  1867   74.7  1846   90.3  1840  102.3  2017  100.8  1960  121.3  1867  116.5  1850  118.3  1854   314.1  1970   218.5  2001   259.7  2016   328.4  2011  1092.1  1875
  115.2  1915   88.6  1994   81.1  1846   72.9  1996   70.8  1965   74.2  1888   90.3  1942  101.8  1907  100.7  1891  121.0  1873  116.0  1839  118.2  2022   312.7  1945   218.5  1922   259.2  1943   327.3  1876  1091.8  2022
  113.9  2003   87.9  1906   81.0  1952   72.2  1960   70.4  1947   73.8  1855   89.0  2019  100.3  1966  100.4  1897  120.8  1836  116.0  1927  117.8  1938   312.1  1991   218.3  1859   259.1  2002   327.2  2018  1090.3  1984
  113.8  1934   87.4  1879   80.9  1964   72.2  1973   70.4  1841   73.3  1866   88.5  1850   98.3  1922  100.3  1934  120.4  1952  116.0  2005  117.6  2018   310.7  1986   217.1  1937   256.7  1843   326.2  2017  1089.3  1957
  113.4  1971   86.9  1897   80.9  1937   71.7  1962   70.0  1910   72.8  1909   88.4  1923   98.0  1931  100.2  1985  119.0  1898  115.7  1843  117.3  1957   307.7  1849   215.5  1848   256.7  2014   324.1  2013  1087.3  1932
  113.1  1946   85.1  1867   80.6  1934   71.5  1940   69.2  1929   72.5  1876   87.8  1974   97.5  2010   99.7  1993  118.8  1924  113.6  1978  117.0  1958   307.2  2005   215.2  1949   253.6  1856   322.7  1859  1086.6  1863
  112.6  1951   85.0  1978   79.7  2014   70.0  1908   68.8  1985   72.3  1916   87.5  1837   97.0  1977   98.4  1936  118.6  1988  113.6  1971  115.3  1945   306.0  1919   213.9  2004   253.1  1909   321.7  1939  1085.0  1983
  112.4  1958   84.4  1882   79.2  1877   69.5  1916   68.1  1953   71.7  2005   87.5  1891   96.9  1908   98.2  1943  118.1  1986  112.6  1866  114.7  2021   305.9  1949   213.0  1910   252.9  1971   320.9  1896  1084.3  1939
  111.6  1969   83.2  1943   79.1  1939   69.3  1853   67.5  1949   71.6  1924   86.7  1992   96.9  2001   98.2  1887  117.8  1845  112.1  1844  114.0  2007   305.5  1978   212.8  1888   252.3  1923   319.1  1965  1084.0  2013
  111.4  1991   83.1  1999   78.9  2009   69.1  1926   67.4  1917   71.4  1894   86.5  1973   96.5  1843   97.1  1970  117.6  1959  112.0  1900  113.8  1856   305.5  1979   212.5  1970   251.5  1920   318.4  1906  1082.7  1926
  111.3  1976   81.8  1998   78.7  2010   69.1  1937   67.2  1937   71.2  2003   85.8  1865   96.1  1856   96.3  2016  117.3  1860  110.3  1898  113.7  1862   305.0  1846   212.0  1982   250.5  1962   318.3  1951  1081.9  1961
  110.2  2012   81.8  2008   78.6  2020   69.1  1897   66.1  1873   71.0  1917   85.6  1987   95.5  1872   93.7  1987  117.2  1995  110.1  1899  113.5  1923   302.7  1956   211.7  1942   250.3  1951   318.3  1864  1079.7  2005
  109.7  1846   81.4  1859   78.4  1866   68.9  1911   65.9  1875   70.1  1841   85.0  1908   94.7  1970   93.6  1857  117.1  1895  109.9  1923  113.3  1881   301.7  1987   211.1  1836   250.1  1880   316.6  1899  1076.6  1944
  109.7  2013   81.4  1972   78.2  1889   68.5  1863   65.8  1842   70.0  1847   84.9  1978   94.4  1906   93.2  1988  116.4  1893  109.5  1999  113.1  1930   300.2  1904   210.1  1885   249.7  1878   315.5  1847  1071.8  1968
  109.1  1910   81.0  1865   78.0  1901   68.0  2002   65.6  1996   69.9  1952   84.8  1961   93.8  1953   93.1  1886  116.3  1933  109.1  1864  112.2  1946   300.2  1892   209.9  1931   249.1  1982   314.9  1983  1067.6  1906
  108.9  1912   81.0  1856   78.0  1970   67.6  1948   65.6  2012   69.5  1864   84.8  1937   93.0  1974   92.6  1998  116.3  1889  108.6  1878  110.6  2004   298.3  1981   207.7  1902   248.8  1836   314.2  1890  1067.0  1943
  108.7  1970   80.4  1889   77.8  1972   67.5  2014   65.5  1908   69.5  1871   84.5  1845   92.8  1838   92.6  1852  116.0  1880  108.5  1841  110.6  1877   298.2  1951   207.7  1991   247.5  1929   313.8  1870  1065.4  1869
  108.5  1865   80.0  2015   77.4  1976   67.5  2006   65.4  1948   69.2  1901   84.4  1980   92.2  1859   92.5  1945  115.5  1945  108.2  1886  109.8  1984   297.7  1933   207.4  1857   246.8  1970   312.8  1943  1063.6  1839
  108.4  1904   79.2  1870   77.3  1985   67.2  1968   65.4  1952   68.6  1840   84.2  1838   92.0  2006   92.4  1849  114.9  1883  108.0  1994  109.2  2002   297.2  1955   206.9  1940   246.4  1918   311.7  1986  1062.4  1978
  107.8  1916   78.4  1908   76.6  1965   66.4  1930   64.9  1951   68.4  1910   82.4  2024   91.9  1999   92.1  1873  113.8  1926  107.6  2017  109.0  1925   296.7  1911   206.9  1950   246.3  1961   310.9  1979  1062.0  1934
  106.4  1862   78.1  1912   75.8  1971   66.2  1939   64.6  1900   68.4  1993   82.3  1947   91.2  1850   92.0  1882  113.7  1912  107.5  1874  108.6  1836   296.5  1840   206.6  1954   245.6  1974   310.5  1845  1061.8  1846
  106.4  1931   77.5  1984   75.5  2002   65.7  1943   64.2  1934   68.3  1973   81.7  2001   90.9  1876   91.9  2005  112.7  1868  106.8  1966  107.5  1952   295.3  1898   206.4  1952   244.9  1968   309.5  1994  1061.0  1987
  105.6  1854   77.4  1949   75.4  1894   65.3  1885   64.1  1850   68.2  1843   81.5  1854   90.7  1837   91.3  1952  111.2  1925  106.6  1965  107.2  1858   294.7  1938   206.2  1923   244.1  1941   306.9  1846  1057.3  1925
  105.5  1952   76.3  1948   75.3  1966   65.1  1847   63.9  1941   67.7  1857   81.3  1941   90.6  1888   90.0  1842  111.1  1970  106.3  1936  107.0  1992   293.1  2023   205.4  1851   244.0  1865   306.6  1966  1054.3  1861
  105.3  1874   76.3  1849   75.2  1874   64.9  1987   63.6  2019   67.2  1969   81.1  1896   90.3  1919   88.9  2001  109.8  1859  105.9  1845  106.5  1973   292.8  1837   204.1  1894   244.0  1926   306.4  1843  1053.8  1936
  104.4  1843   76.2  1899   74.6  1959   64.4  1969   63.0  1884   67.0  1903   80.1  1975   90.0  1965   88.8  1963  108.8  1858  105.8  2008  106.1  1940   292.7  1870   203.9  1858   243.7  1945   305.0  1952  1053.1  2018
  104.4  1968   76.0  1864   74.3  1841   64.2  1944   63.0  1918   66.7  1981   79.6  1926   89.9  2023   86.8  1845  108.5  1927  105.4  1941  105.9  1895   291.7  1936   202.9  1921   242.9  2010   304.1  1848  1050.4  1995
  103.4  1977   74.7  2010   73.9  1984   63.8  1895   62.7  1921   66.7  1844   79.4  1852   89.8  1916   86.6  1973  108.1  1894  104.9  2016  105.8  1863   288.6  1851   202.5  1926   242.8  1863   303.8  1990  1050.0  2001
  102.7  1923   74.4  2004   73.4  1902   63.6  1915   62.1  1922   65.8  1905   79.0  1929   89.6  1901   86.1  1947  108.0  1852  104.8  2020  105.7  1859   288.2  1906   202.2  2003   241.3  2024   303.0  2014  1049.7  1915
  102.3  1924   74.0  1927   73.2  1867   63.1  1874   61.8  1838   65.4  1902   78.9  1967   87.5  1964   86.1  1951  107.5  1941  103.8  1847  105.2  1944   286.6  1901   201.2  1847   238.6  1915   301.8  1900  1049.1  1997
  102.2  2011   73.4  1936   73.2  1906   62.9  2013   61.8  1881   64.8  1974   78.5  2016   87.2  1987   84.8  1893  107.4  2009  103.6  1876  105.0  1916   285.8  1882   201.2  1841   238.4  1896   301.5  2024  1047.6  1929
  102.1  1982   73.2  1982   72.8  1933   62.9  1900   61.5  2016   64.6  1898   78.3  2003   87.1  1902   84.0  1991  107.2  1991  103.3  1912  104.8  1928   285.4  1952   200.9  1943   237.7  1973   299.0  1873  1045.1  1989
  101.9  2000   73.0  1955   72.7  2005   62.6  1879   61.0  1944   64.4  1919   77.9  1842   86.6  1893   82.9  1868  107.0  1977  101.8  1891  104.5  1962   284.8  1941   200.9  1978   237.6  1944   298.9  1936  1045.0  1881
  101.6  1918   72.2  1969   72.1  1873   62.0  1917   60.7  1982   63.5  1939   77.7  1945   86.3  1926   82.5  1867  106.8  1948  101.0  1865  104.3  1920   284.8  1887   200.8  1945   237.1  1905   298.6  1911  1044.6  1874
  101.5  1836   71.6  1962   72.0  1907   61.8  1886   60.5  1890   63.5  1913   77.6  1933   86.0  1925   82.5  2021  105.1  1918  100.4  2007  104.2  1902   284.2  1897   200.5  1973   237.0  1840   298.3  1840  1043.0  1907
  100.7  1959   71.1  2019   71.8  1891   60.1  1878   60.3  1852   63.1  1842   76.5  1991   85.9  1882   82.2  1990  104.2  2018  100.4  1863  103.9  1839   283.1  1860   200.3  1917   236.6  2001   298.2  1953  1042.6  1859
  100.2  1925   71.0  1907   70.9  1922   60.1  1888   59.7  1995   62.8  1989   75.9  1866   85.8  2007   82.1  1858  103.5  1939   99.8  1995  102.3  1961   282.7  1859   200.3  1879   236.4  1986   297.2  1913  1038.3  1878
   99.5  1857   70.4  1991   70.9  1917   60.1  1990   59.5  1930   62.8  1994   75.7  2011   85.8  1875   81.6  1919  103.5  2024   99.0  1919  100.6  1848   280.9  1908   199.3  1955   236.1  1837   296.9  1898  1036.6  1897
   98.6  1947   69.9  2005   70.8  1855   60.0  1952   59.1  1946   62.1  1950   75.6  1889   85.5  2005   80.7  1977  103.0  1854   99.0  2011  100.3  2009   279.2  1865   198.8  1959   235.6  1952   295.9  2015  1036.5  1909
   97.8  1981   69.8  1836   70.5  1975   60.0  2009   59.0  1914   62.0  1978   74.6  2021   85.5  2000   80.6  1847  103.0  1957   98.8  1985   99.4  1894   278.0  1875   197.6  1976   235.1  1908   295.7  1881  1035.0  1880
   97.4  1989   69.6  1981   70.1  1930   59.6  1903   58.9  1870   62.0  1959   74.0  1844   85.2  2016   80.0  1938  103.0  1876   98.4  1976   98.8  1906   276.6  1921   197.4  1997   234.0  1964   292.3  1842  1032.5  1922
   96.9  1945   69.6  1940   70.1  2004   57.1  1838   58.9  1992   61.9  2009   73.5  1944   85.0  1844   79.4  1955  102.7  1971   97.8  1837   98.6  1932   275.7  1965   197.3  1948   233.4  1916   291.8  1948  1030.8  1949
   95.0  1933   68.9  1973   70.0  1932   57.1  1869   58.5  1988   61.8  1953   73.4  1925   84.7  1883   79.4  1922  102.1  1839   96.9  1859   98.2  1969   275.0  1914   196.8  1962   232.3  1867   291.7  1893  1030.7  1962
   94.5  1979   68.7  1987   69.4  1838   56.6  1841   58.4  1882   61.8  2022   73.2  1856   84.3  1839   78.7  1848  101.5  1979   96.8  1973   97.5  1967   271.4  2003   196.1  1930   232.3  1850   291.2  1853  1030.0  1940
   94.1  1859   68.6  2018   67.7  2000   56.1  1967   58.0  1971   61.4  1933   73.0  1966   84.1  1857   78.2  1926  101.4  2017   95.7  1975   96.6  1899   270.0  1842   195.5  1891   231.8  1999   289.6  1909  1028.5  1845
   93.5  1878   68.4  1842   66.9  1997   55.2  1902   57.7  1912   61.0  1929   72.3  1857   84.0  1938   77.3  2020  101.4  1958   95.0  2001   96.0  1837   269.7  1850   194.9  1901   230.7  1942   289.1  1838  1025.5  1956
   91.8  1895   67.9  1840   66.6  1942   54.8  1971   57.6  1888   61.0  1873   72.1  1900   83.9  1949   77.3  1884  101.0  1913   94.4  1918   95.9  1908   266.6  2009   194.5  1995   230.2  1854   288.5  1934  1024.9  1991
   91.5  1887   67.2  1839   65.5  1936   54.1  1837   57.5  1883   60.7  1960   72.0  1951   83.9  1967   76.5  1920  100.5  2010   93.8  1887   95.9  1904   266.6  1972   194.4  1869   229.1  1874   288.2  1957  1023.9  1867
   90.9  1845   65.0  2006   64.4  2013   53.6  1933   57.2  2017   58.3  2000   71.7  1892   83.9  1997   75.1  1917   99.3  1871   93.5  1885   94.5  1849   266.6  1857   193.9  1864   227.8  1893   288.2  1862  1022.1  1898
   90.7  1980   65.0  1905   64.3  1948   52.9  1851   56.6  1909   58.0  2001   71.5  1904   83.7  1918   74.9  1838   98.4  1994   93.3  1952   94.0  1860   265.4  1918   193.7  1941   227.5  1858   284.8  1895  1021.6  1917
   89.8  1949   63.7  1892   63.8  1845   52.9  1914   56.2  1868   58.0  1859   71.3  1916   83.0  2018   74.9  1853   97.5  1849   92.9  1967   93.7  1977   265.0  1969   193.1  1975   225.7  1889   284.6  1959  1019.9  1942
   88.1  1882   61.9  1976   63.8  1899   52.8  1988   56.1  1977   57.9  1837   70.6  1969   83.0  1973   74.9  1966   97.0  1837   92.7  1848   93.6  1935   264.2  1997   191.8  1884   225.7  1844   282.8  1931  1019.4  1884
   85.8  1954   60.7  1874   63.5  1885   52.4  1845   55.9  1863   57.5  1920   70.5  1902   82.7  1994   74.9  1937   96.1  1901   92.2  1849   92.6  1976   263.1  2011   190.9  1871   224.9  1993   282.1  1849  1018.4  1879
   85.7  1955   60.4  1953   62.9  1871   51.1  1945   55.5  1974   57.0  1858   70.3  1859   82.6  1851   74.7  1862   95.9  1992   91.2  1987   92.1  1870   262.8  1982   190.8  1890   224.1  1857   280.9  1865  1018.0  1899
   83.5  1967   60.1  1846   62.7  1879   51.0  1866   55.0  1987   56.9  1957   70.2  2004   82.5  1862   74.4  1964   95.7  1851   90.5  1893   91.7  1871   262.7  1890   190.4  1990   224.1  1914   279.2  1888  1015.3  1919
   83.0  1892   60.0  1860   62.3  1950   50.8  1894   54.1  1933   56.8  1885   69.8  1928   81.4  1855   74.2  1870   95.4  1864   90.4  2013   91.5  1842   260.0  1876   190.2  1849   223.9  1978   278.9  1905  1014.5  1885
   82.5  1908   59.8  2009   61.7  1911   50.4  2003   53.8  1864   56.4  1937   68.9  1964   81.3  1944   73.4  1979   95.3  1890   88.9  1884   90.7  1937   259.5  1878   190.1  1961   223.6  1904   278.5  1925  1011.7  1913
   82.3  1844   59.6  2013   59.7  1938   50.3  1887   53.3  1845   56.0  2015   68.0  1948   80.3  1914   73.2  1904   95.1  1974   88.5  1892   90.6  1874   258.3  1881   189.8  1881   223.3  1991   277.9  1975  1011.3  1911
   81.2  1856   59.4  2012   59.7  1969   49.6  1942   52.4  1855   55.4  2024   67.9  1907   80.2  1915   73.1  1940   95.0  1955   88.5  1907   89.9  1987   257.6  1871   188.5  1971   223.0  1902   277.0  1988  1011.2  1890
   80.0  1841   59.1  1971   59.4  1904   49.5  2022   51.8  1915   54.8  2023   67.6  1899   79.9  1853   72.9  1877   94.2  1936   88.2  1903   89.9  1888   257.0  1973   188.3  1838   221.2  1876   274.6  1868  1004.3  1843
   79.6  2010   58.8  1854   58.9  1993   49.4  1946   51.8  1911   54.7  2014   66.6  1986   79.0  1998   72.3  1913   94.0  1993   87.6  1932   89.6  1864   255.5  1968   188.1  2017   220.5  1859   274.5  1942  1002.3  1969
   79.5  1909   58.6  1841   58.9  1926   49.3  1918   51.4  1957   53.6  1970   66.5  1981   78.5  1996   72.2  1905   93.7  1838   87.4  1943   88.5  1867   255.5  1924   188.0  1842   220.2  1901   273.5  1912  1001.3  1937
   79.5  1837   58.6  1938   58.8  1878   49.2  1955   51.2  1897   53.3  1908   66.1  1943   78.5  1909   72.0  1909   93.4  1999   86.7  1964   88.3  1850   254.6  2010   187.9  1958   218.7  1934   273.2  1969  1001.0  1952
   79.4  1885   58.6  1919   57.7  1865   49.2  1981   51.0  2004   53.1  1891   66.0  1934   78.0  1840   72.0  1860   92.2  1881   85.9  1873   87.5  2008   254.2  1947   187.2  1996   216.7  2005   272.8  1958  1000.9  1963
   79.3  1891   58.3  1863   57.2  1880   49.1  1883   50.3  1927   53.0  1930   65.8  1874   77.1  1978   71.0  1881   92.1  1963   85.8  1846   87.5  1981   254.0  1902   185.9  2011   216.0  1990   272.3  1850   997.5  1945
   79.0  2001   57.4  1843   56.6  1949   48.6  1941   49.6  1994   52.6  1850   65.2  2013   76.8  1969   71.0  2013   91.8  1844   85.3  1901   87.5  1887   253.3  1843   183.8  1896   215.6  1979   271.7  1871   996.3  1873
   78.9  1992   56.7  1913   55.2  1945   48.5  2019   49.6  1950   52.4  1961   64.9  1962   76.2  1858   70.1  1969   90.8  1911   84.3  1854   87.0  1883   253.3  2019   182.4  1911   214.6  1969   269.0  1844   993.8  1888
   77.9  1842   55.5  1838   55.0  1898   47.9  1978   49.5  1893   52.1  1914   64.0  2014   75.6  1896   69.4  1850   90.5  1857   83.9  2024   86.9  1889   251.1  1992   182.4  1861   214.0  1935   268.4  1978   987.1  1896
   76.7  1914   55.5  1853   53.8  1915   47.7  1896   49.1  1887   51.8  1984   64.0  1963   73.8  2002   69.0  1890   90.2  1899   83.5  1902   86.6  1865   250.9  1954   182.3  1953   213.5  1967   267.2  1993   986.9  1849
   76.4  1985   55.5  1851   53.7  1869   47.5  2010   49.0  1846   51.8  1922   63.9  1997   73.5  1935   68.4  1911   87.2  1910   82.3  1897   84.7  1913   249.8  1996   182.1  1874   213.1  1849   266.9  1887   986.8  1972
   76.0  1870   55.5  1878   53.7  2003   47.3  1928   48.5  1857   51.1  1979   63.4  1887   72.9  1867   67.6  1898   86.8  1884   81.9  2021   82.5  1991   249.2  1864   181.9  1928   213.0  1977   265.9  1860   986.6  1959
   76.0  2017   53.8  1847   53.6  1883   47.3  1936   48.5  1960   51.0  1983   61.3  1901   72.8  1990   67.5  1837   86.4  1850   81.7  1920   82.2  1931   249.0  1927   181.4  1850   209.8  1884   264.3  1907   979.7  1871
   75.7  1839   53.7  1968   53.1  1974   46.9  1890   47.7  2008   51.0  1906   60.5  1860   72.2  2013   67.0  2007   84.9  1902   81.6  1924   82.1  1903   246.7  1893   180.5  1933   207.5  1989   262.3  1837   978.7  1908
   75.3  1871   53.6  1979   52.3  1955   45.8  1956   47.7  2018   50.8  1967   59.7  2000   71.2  1849   65.8  1901   84.4  1869   81.2  1915   81.9  1947   246.5  2017   178.2  1939   205.4  1842   259.0  1894   977.6  1892
   74.7  1996   53.5  1887   51.3  1858   45.6  1891   47.0  1961   50.4  1867   59.5  1917   70.9  1945   65.1  1844   83.7  1905   80.7  1961   81.2  1968   243.9  1959   177.1  1895   204.3  1919   258.2  1985   977.0  1865
   73.6  1941   53.2  1857   51.1  1887   45.6  1864   45.4  1984   49.2  1986   59.4  2005   70.5  1920   64.8  1931   82.9  1937   79.2  1853   81.2  1988   242.7  1861   177.1  2022   203.7  1898   257.6  1997   974.1  1976
   71.9  1917   52.5  1944   50.9  1962   45.5  2015   44.5  1956   48.9  1934   58.3  1921   70.3  1854   64.7  1902   81.2  1921   79.0  1868   80.6  2005   241.8  1942   175.9  1865   203.5  2000   255.8  1962   973.8  1947
   71.2  1901   52.2  1901   50.6  1958   44.7  1906   43.8  1874   48.5  2013   57.9  1995   68.8  1911   64.5  1900   80.1  1956   78.9  1990   79.4  1875   241.1  1976   175.9  1935   203.2  1972   255.2  1914   963.9  1904
   69.9  1850   48.3  2003   50.5  1946   44.1  1884   43.3  2001   48.3  1895   57.8  1972   68.2  1939   64.1  1846   79.7  1964   78.5  1962   79.0  1857   240.4  1886   174.6  1863   203.0  1932   253.2  1971   962.2  1847
   69.8  1973   47.6  1845   50.5  2022   43.7  1870   43.3  1940   48.0  1899   57.8  1876   68.1  1887   63.8  2009   78.3  1950   77.5  1870   77.2  2016   235.5  1971   174.1  1880   202.7  1937   253.0  1884   959.7  1895
   69.7  1902   47.0  1875   50.4  1925   43.5  1958   42.5  1866   46.3  1904   57.4  1949   67.8  1968   62.0  1997   77.8  1953   77.2  1948   77.0  1950   233.4  1889   172.0  1856   200.4  1906   251.9  1857   949.4  1850
   68.9  1876   46.7  1983   50.4  1960   43.2  1860   41.8  1975   46.1  1849   57.4  1971   66.7  2021   61.3  1889   74.8  1887   76.6  1860   75.7  1861   233.3  1874   171.9  1866   199.8  1994   250.8  1947   946.0  2010
   68.4  1898   45.6  2023   50.3  1923   43.1  1997   41.7  1970   44.8  1893   57.3  1979   65.6  1871   59.3  1928   74.8  1920   76.4  1908   74.4  1941   233.3  1944   171.1  1960   199.4  1886   250.2  1919   941.1  1853
   68.0  1893   45.4  1942   50.2  1863   42.0  1875   41.6  1880   44.8  2021   55.2  1996   64.3  1842   58.9  1989   73.7  1888   75.8  1968   74.3  1838   231.6  1907   169.5  1845   198.5  1940   248.1  2016   939.7  1893
   67.4  1864   44.4  1902   49.7  1910   40.6  1995   41.3  1998   44.3  1951   55.0  1906   64.2  1885   57.8  1949   73.2  1915   75.2  2004   74.2  1878   229.7  1856   169.2  1915   198.4  1959   247.8  1989   939.6  1953
   65.6  1858   44.3  1909   49.5  2011   40.1  1929   40.2  2023   43.7  1874   54.3  1994   63.1  1836   57.0  1914   72.4  1997   73.8  1904   73.4  1995   227.1  1932   168.8  1957   197.1  1933   247.3  1901   937.4  1838
   65.5  1950   43.5  1896   48.7  1996   38.8  1855   40.1  1928   43.0  1918   54.2  2018   63.0  1884   56.5  1912   72.0  2015   73.5  1993   72.9  1953   223.8  1879   166.6  1873   190.3  1911   245.9  1941   936.8  1941
   65.3  1940   43.4  1947   48.6  1870   38.4  1839   39.9  1837   42.9  1962   53.1  2006   62.1  1993   55.2  1916   70.9  1965   71.0  1921   72.4  1885   223.1  1905   165.1  2010   187.7  1868   245.6  1973   935.6  1971
   64.9  1966   43.0  1873   45.0  1854   38.0  1921   39.7  1901   42.2  1869   52.7  1905   61.7  1975   53.8  2003   70.7  1866   67.9  1857   70.7  1939   221.4  1985   162.0  1855   187.1  2006   241.6  1897   935.1  1996
   64.6  2019   42.8  1888   44.9  1956   37.7  1892   38.9  2010   42.2  1996   51.8  1897   61.6  1937   53.7  1915   69.6  1919   65.5  1922   69.7  2001   220.1  1953   161.4  1900   186.1  2021   241.0  1910   932.7  1905
   64.2  1935   42.2  1855   44.5  1943   36.6  1881   38.7  1978   42.0  2006   51.4  1952   60.6  1847   52.9  1921   69.1  1861   65.3  1957   68.4  1971   219.7  1909   160.2  1883   185.8  2013   240.8  1964   931.6  1889
   63.2  1889   42.1  1886   44.0  1935   35.8  1976   38.0  1905   41.0  1884   49.6  1919   59.2  1886   52.1  1854   65.9  1840   65.2  1988   67.9  1975   218.8  1862   159.1  1946   184.6  1921   240.3  1858   931.6  1856
   63.2  2022   41.5  1956   43.9  1853   35.7  2011   37.4  1861   40.7  1870   49.4  1990   58.0  1933   51.9  2015   65.6  1856   64.7  1925   67.5  1855   218.2  1844   157.0  1839   179.3  1847   239.8  1867   928.9  1973
   63.0  1847   40.9  1952   43.5  1847   34.9  1912   37.2  1936   40.6  1886   48.6  1847   57.9  1932   47.1  1933   64.5  2007   64.0  1955   67.3  1873   217.2  1839   155.9  1938   179.2  1981   239.8  1956   925.6  1901
   62.2  1905   39.6  1924   43.3  1961   33.2  2017   36.1  1851   39.2  1992   48.2  2022   56.5  1984   47.1  1939   63.9  1842   60.5  1989   66.9  1996   210.7  1917   154.2  1918   177.5  1975   239.5  1854   923.5  1842
   62.2  1879   38.0  1964   42.7  1973   31.0  1982   35.6  1990   38.7  1976   47.3  1870   54.1  1870   45.7  1929   63.9  2003   60.4  1871   64.2  1943   209.9  1880   153.9  1892   176.1  2003   238.4  1955   921.6  1975
   62.1  1888   37.4  1929   42.4  1843   30.6  1844   35.5  1839   38.4  2010   46.1  1999   53.4  1936   44.4  1996   63.4  1931   58.9  1889   63.9  1927   208.9  1895   153.7  1944   175.9  1996   238.2  2003   918.8  1964
   61.9  1907   36.7  1862   41.9  1918   30.0  2020   35.3  1853   37.0  1988   45.6  1864   52.9  1972   42.8  1906   62.2  1973   58.0  1934   63.0  1970   208.3  1896   151.2  1854   173.6  1925   237.9  1908   915.2  1857
   60.6  1848   36.5  1975   41.4  1849   29.2  1865   34.6  1848   36.0  1923   44.4  1976   51.6  2022   40.7  1888   62.1  1914   57.5  1856   61.6  1879   205.5  1940   151.2  1870   172.3  1947   236.5  1889   910.3  1864
   59.3  2006   35.2  1985   40.0  1875   28.9  1954   33.3  1959   35.7  1975   43.8  1911   49.9  1864   40.7  1895   59.3  1985   57.4  1956   61.2  1892   204.9  2006   150.5  1887   171.9  2018   233.1  1902   908.9  1837
   58.9  1896   34.3  1963   36.7  2012   28.4  1984   33.1  1935   35.6  1915   42.0  1989   45.9  1981   40.6  2002   59.0  1969   57.3  1909   60.4  1917   200.5  1854   150.0  1936   169.1  1949   233.1  1920   907.0  1851
   58.5  1911   33.9  1917   36.2  1837   28.3  1873   32.9  1939   35.5  1932   39.7  1982   45.9  1869   38.8  1851   58.9  1897   57.3  1933   57.7  1905   192.3  1888   149.4  1980   165.1  1864   231.8  2007   903.6  1854
   58.1  1861   33.1  1993   36.1  1924   27.5  1957   32.8  2020   35.1  1865   39.0  1935   44.6  1959   37.0  1971   58.8  1904   55.6  1862   54.5  1846   190.9  1929   148.5  1853   161.6  2022   230.2  1945   900.6  2003
   55.7  1897   31.9  1858   34.6  1893   26.4  2007   32.0  1989   34.6  2018   38.9  1977   43.9  1913   36.8  1855   54.3  1962   54.2  1958   53.7  1851   189.1  1855   147.9  1875   159.9  1885   230.0  1856   891.8  1921
   52.2  1953   30.0  1890   34.1  1953   26.3  1861   31.4  1871   32.5  1868   38.9  1885   43.2  1991   36.2  1972   53.5  1975   51.1  1983   50.8  1926   186.9  1838   147.8  1984   157.0  1887   223.9  1855   889.8  1840
   48.7  1929   26.2  1959   33.9  1900   24.0  1854   29.1  1919   31.6  1942   38.7  1869   41.1  1899   35.4  1986   52.7  1908   50.2  1851   47.1  2010   179.6  1841   141.4  2020   156.6  1899   220.7  1933   882.2  1902
   45.0  1987   24.9  1930   33.4  1892   23.2  1840   28.4  1980   31.0  1941   38.3  1983   40.0  1940   33.0  1941   52.6  1879   49.4  1858   41.0  1843   176.6  1858   135.3  1956   145.0  1984   210.6  1972   882.2  1955
   43.8  1964   24.7  1965   31.2  1850   23.1  1893   24.9  1876   29.7  1995   37.2  1878   38.6  1983   32.3  1894   52.4  1978   46.9  1879   41.0  1840   171.4  1963   132.4  1844   142.1  1955   209.8  1879   876.6  1858
   42.1  1880   24.2  1891   28.5  1944   21.5  1852   22.9  1859   27.8  1940   36.7  1984   36.9  1880   29.3  1907   48.1  1972   46.5  1896   39.6  1963   171.3  1847   130.2  1837   142.1  1870   208.2  1915   854.4  1870
   35.4  1838   24.1  1921   28.0  1931   20.6  2021   22.6  1991   27.8  1949   34.7  1898   30.7  1955   27.4  1843   47.0  2016   46.2  1937   37.9  1890   170.5  1934   125.5  1929   140.1  1913   205.8  1904   830.9  1933
   32.6  1963   23.1  1934   19.2  1856   18.4  1980   21.8  1895   25.6  1887   32.7  1913   26.7  2003   26.9  1910   46.5  1922   45.2  1942   36.1  1853   164.6  1845   123.2  1974   127.9  1983   205.2  1921   830.4  1844
   32.6  1881   17.8  1895   18.9  1852   14.6  1974   18.8  1896   24.6  1889   29.3  1955   24.2  1976   25.2  1865   40.5  1951   43.5  1855   33.5  1933   141.4  1891   121.0  1840   126.8  1869   204.0  1937   806.9  1887
   29.0  1997   17.2  1986   16.2  1929   14.4  1938   13.8  1836   18.4  1921   27.8  1863   18.4  1995   23.3  1959   40.2  1947   36.0  1867   26.1  1844   121.4  1964   107.2  1893   107.3  1976   191.4  1922   787.2  1855
   28.5  1855    9.6  1932   14.2  1840   11.2  1842   11.6  1844   14.2  1925   23.2  1868    9.9  1947   22.6  2014   31.4  1946   22.3  1945    ---  2024     ---  1836   100.7  1852   106.0  1995   184.8  1851     ---  2024
